10
13.000e11
5000
1
 1.000e11  0              0  129132.5 1e32 5e10
-1.000e11  0              0 -129132.5 1e32 5e10
 2.828e11  2.828e11  100000 -100000   1e26 4e10
 2.828e11 -2.828e11 -100000 -100000   1e26 4e10
-2.828e11 -2.828e11 -100000  100000   1e26 4e10
-2.828e11 2.828e11   100000  100000   1e26 4e10
 9.000e11 0               0   97500   1e24 3e10
-9.000e11 0               0  -97500   1e24 3e10
 0.000    9e11       -97500       0   1e24 3e10
 0.000   -9e11        97500       0   1e24 3e10
