17
3e11
5000
1
2.20e11 0.000e00 0.000e00 2.000e04 5.974e24 5e9
0.000e00 2.20e11 -2.000e004 0.000e00 6.419e23 4.5e9
-2.20e11 0.000e00 0.000e00 -2.000e04 3.302e23 4e9
0.000e00 0.000e00 0.000e00 0.000e00 1.989e30 5e9
0.000e00 -2.20e11 2.000e04 0.000e00 4.869e24 4e9
2.20e11 2.20e11 0.000e00 2.000e04 5.974e24 5e9
-2.20e11 2.20e11 -2.000e004 0.000e00 6.419e23 4.5e9
-2.20e11 -2.20e11 0.000e00 -2.000e04 3.302e23 4e9
2.20e11 -2.20e11 2.000e04 0.000e00 4.869e24 4e9
1.10e11 1.10e11 0.000e00 2.000e04 5.974e24 5e9
-1.10e11 1.10e11 -2.000e004 0.000e00 6.419e23 4.5e9
-1.10e11 -1.10e11 0.000e00 -2.000e04 3.302e23 4e9
1.10e11 -1.10e11 2.000e04 0.000e00 4.869e24 4e9
1.10e11 0.000e00 0.000e00 2.000e04 5.974e24 5e9
0.000e00 1.10e11 -2.000e004 0.000e00 6.419e23 4.5e9
-1.10e11 0.000e00 0.000e00 -2.000e04 3.302e23 4e9
0.000e00 -1.10e11 2.000e04 0.000e00 4.869e24 4e9
