16
2.50e11
1000
5
 1.000e11  0.000e00  0.000e00  -2.52664e05 1.000e32 4e9
-1.000e11  0.000e00  0.000e00   2.52664e05 1.000e32 3.5e9
 0.000e00  1.000e11  2.52664e05 0.000e00   1.000e32 3.25e9
 0.000e00 -1.000e11 -2.52664e05 0.000e00   1.000e32 3e9
 1.000e07  0.000e00  0.000e00   0.000e00   1.000e01 5e9
 0.000e00  1.000e07  0.000e00   0.000e00   1.000e01 5e9
-1.000e07  0.000e00  0.000e00   0.000e00   1.000e01 5e9
 0.000e00 -1.000e07  0.000e00   0.000e00   1.000e01 5e9
 1.000e13  1.000e13 -1.000e06  -1.000e06   2.000e32 6e9
 1.000e13 -1.000e13 -1.000e06   1.000e06   2.000e32 6e9
-1.000e13  1.000e13  1.000e06  -1.000e06   2.000e32 6e9
-1.000e13 -1.000e13  1.000e06   1.000e06   2.000e32 6e9
 0.000e00  1.414e13  0.000e00  -1.414e06   2.000e22 6e9
 0.000e00 -1.414e13  0.000e00   1.414e06   2.000e22 6e9
-1.414e13  0.000e00  1.414e06   0.000e00   2.000e22 6e9
 1.414e13  0.000e00 -1.414e06   0.000e00   2.000e22 6e9
