10
4.0e11
1000
1
 0.0e00    0.000e00   0.00e00   0.00e00   2e32 8e9
 6.25e10   0.000e00   0.00e00   5.66e05   6e24 4e9
-6.25e10   0.000e00   0.00e00  -5.66e05   6e24 6e9
 0         6.250e10  -5.66e05   0.00e00   6e24 6.2e9
 0        -6.250e10   5.66e05   0.00e00   6e24 5.5e9
 2.828e11  2.828e11  100000 -100000   1e26 6.4e9
 2.828e11 -2.828e11 -100000 -100000   1e26 6.1e9
-2.828e11 -2.828e11 -100000  100000   1e26 6.8e9
-2.828e11 2.828e11   100000  100000   1e26 5e9
-1.828e11 1.828e11   100000  100000   1e16 4e9
