17
3.0e11
3000
1
  0.0        0.0        0.0       0.0     1.989e30        8e9
  0.0       16.0e10     2.0e4    -2.0e4   5.974e24        6e9
-16.0e10     0.0        2.0e4     2.0e4   5.974e24        6e9
  0.0      -16.0e10    -2.0e4     2.0e4   5.974e24        6e9
 16.0e10     0.0       -2.0e4    -2.0e4   5.974e24        6e9
  6.0e10     6.0e10    -5.0e3     5.0e4   5.974e27        4e9
 -6.0e10     6.0e10    -5.0e4    -5.0e3   5.974e27        4e9
 -6.0e10    -6.0e10     5.0e3    -5.0e4   5.974e27        4e9
  6.0e10    -6.0e10     5.0e4     5.0e3   5.974e27        4e9
 18.0e10    18.0e10    -1.0e4     1.0e2   6.419e23        6e9
-18.0e10    18.0e10     1.0e2    -1.0e4   6.419e23        6e9
-18.0e10   -18.0e10     1.0e4     1.0e2   6.419e23        6e9
 18.0e10   -18.0e10    -1.0e2     1.0e4   6.419e23        6e9
  0.0       23.0e10     1.0e4    -1.0e4   5.974e23        6e9
-23.0e10     0.0        1.0e4     1.0e4   5.974e23        6e9
  0.0      -23.0e10    -1.0e4     1.0e4   5.974e23        6e9
 23.0e10     0.0       -1.0e4    -1.0e4   5.974e23        6e9
